81234567
81234576
81234657
81234675
81234756
81234765
81235467
81235476
81235647
81235674
81235746
81235764
81236457
81236475
81236547
81236574
81236745
81236754
81237456
81237465
81237546
81237564
81237645
81237654
81243567
81243576
81243657
81243675
81243756
81243765
81245367
81245376
81245637
81245673
81245736
81245763
81246357
81246375
81246537
81246573
81246735
81246753
81247356
81247365
81247536
81247563
81247635
81247653
81253467
81253476
81253647
81253674
81253746
81253764
81254367
81254376
81254637
81254673
81254736
81254763
81256347
81256374
81256437
81256473
81256734
81256743
81257346
81257364
81257436
81257463
81257634
81257643
81263457
81263475
81263547
81263574
81263745
81263754
81264357
81264375
81264537
81264573
81264735
81264753
81265347
81265374
81265437
81265473
81265734
81265743
81267345
81267354
81267435
81267453
81267534
81267543
81273456
81273465
81273546
81273564
81273645
81273654
81274356
81274365
81274536
81274563
81274635
81274653
81275346
81275364
81275436
81275463
81275634
81275643
81276345
81276354
81276435
81276453
81276534
81276543
81324567
81324576
81324657
81324675
81324756
81324765
81325467
81325476
81325647
81325674
81325746
81325764
81326457
81326475
81326547
81326574
81326745
81326754
81327456
81327465
81327546
81327564
81327645
81327654
81342567
81342576
81342657
81342675
81342756
81342765
81345267
81345276
81345627
81345672
81345726
81345762
81346257
81346275
81346527
81346572
81346725
81346752
81347256
81347265
81347526
81347562
81347625
81347652
81352467
81352476
81352647
81352674
81352746
81352764
81354267
81354276
81354627
81354672
81354726
81354762
81356247
81356274
81356427
81356472
81356724
81356742
81357246
81357264
81357426
81357462
81357624
81357642
81362457
81362475
81362547
81362574
81362745
81362754
81364257
81364275
81364527
81364572
81364725
81364752
81365247
81365274
81365427
81365472
81365724
81365742
81367245
81367254
81367425
81367452
81367524
81367542
81372456
81372465
81372546
81372564
81372645
81372654
81374256
81374265
81374526
81374562
81374625
81374652
81375246
81375264
81375426
81375462
81375624
81375642
81376245
81376254
81376425
81376452
81376524
81376542
81423567
81423576
81423657
81423675
81423756
81423765
81425367
81425376
81425637
81425673
81425736
81425763
81426357
81426375
81426537
81426573
81426735
81426753
81427356
81427365
81427536
81427563
81427635
81427653
81432567
81432576
81432657
81432675
81432756
81432765
81435267
81435276
81435627
81435672
81435726
81435762
81436257
81436275
81436527
81436572
81436725
81436752
81437256
81437265
81437526
81437562
81437625
81437652
81452367
81452376
81452637
81452673
81452736
81452763
81453267
81453276
81453627
81453672
81453726
81453762
81456237
81456273
81456327
81456372
81456723
81456732
81457236
81457263
81457326
81457362
81457623
81457632
81462357
81462375
81462537
81462573
81462735
81462753
81463257
81463275
81463527
81463572
81463725
81463752
81465237
81465273
81465327
81465372
81465723
81465732
81467235
81467253
81467325
81467352
81467523
81467532
81472356
81472365
81472536
81472563
81472635
81472653
81473256
81473265
81473526
81473562
81473625
81473652
81475236
81475263
81475326
81475362
81475623
81475632
81476235
81476253
81476325
81476352
81476523
81476532
81523467
81523476
81523647
81523674
81523746
81523764
81524367
81524376
81524637
81524673
81524736
81524763
81526347
81526374
81526437
81526473
81526734
81526743
81527346
81527364
81527436
81527463
81527634
81527643
81532467
81532476
81532647
81532674
81532746
81532764
81534267
81534276
81534627
81534672
81534726
81534762
81536247
81536274
81536427
81536472
81536724
81536742
81537246
81537264
81537426
81537462
81537624
81537642
81542367
81542376
81542637
81542673
81542736
81542763
81543267
81543276
81543627
81543672
81543726
81543762
81546237
81546273
81546327
81546372
81546723
81546732
81547236
81547263
81547326
81547362
81547623
81547632
81562347
81562374
81562437
81562473
81562734
81562743
81563247
81563274
81563427
81563472
81563724
81563742
81564237
81564273
81564327
81564372
81564723
81564732
81567234
81567243
81567324
81567342
81567423
81567432
81572346
81572364
81572436
81572463
81572634
81572643
81573246
81573264
81573426
81573462
81573624
81573642
81574236
81574263
81574326
81574362
81574623
81574632
81576234
81576243
81576324
81576342
81576423
81576432
81623457
81623475
81623547
81623574
81623745
81623754
81624357
81624375
81624537
81624573
81624735
81624753
81625347
81625374
81625437
81625473
81625734
81625743
81627345
81627354
81627435
81627453
81627534
81627543
81632457
81632475
81632547
81632574
81632745
81632754
81634257
81634275
81634527
81634572
81634725
81634752
81635247
81635274
81635427
81635472
81635724
81635742
81637245
81637254
81637425
81637452
81637524
81637542
81642357
81642375
81642537
81642573
81642735
81642753
81643257
81643275
81643527
81643572
81643725
81643752
81645237
81645273
81645327
81645372
81645723
81645732
81647235
81647253
81647325
81647352
81647523
81647532
81652347
81652374
81652437
81652473
81652734
81652743
81653247
81653274
81653427
81653472
81653724
81653742
81654237
81654273
81654327
81654372
81654723
81654732
81657234
81657243
81657324
81657342
81657423
81657432
81672345
81672354
81672435
81672453
81672534
81672543
81673245
81673254
81673425
81673452
81673524
81673542
81674235
81674253
81674325
81674352
81674523
81674532
81675234
81675243
81675324
81675342
81675423
81675432
81723456
81723465
81723546
81723564
81723645
81723654
81724356
81724365
81724536
81724563
81724635
81724653
81725346
81725364
81725436
81725463
81725634
81725643
81726345
81726354
81726435
81726453
81726534
81726543
81732456
81732465
81732546
81732564
81732645
81732654
81734256
81734265
81734526
81734562
81734625
81734652
81735246
81735264
81735426
81735462
81735624
81735642
81736245
81736254
81736425
81736452
81736524
81736542
81742356
81742365
81742536
81742563
81742635
81742653
81743256
81743265
81743526
81743562
81743625
81743652
81745236
81745263
81745326
81745362
81745623
81745632
81746235
81746253
81746325
81746352
81746523
81746532
81752346
81752364
81752436
81752463
81752634
81752643
81753246
81753264
81753426
81753462
81753624
81753642
81754236
81754263
81754326
81754362
81754623
81754632
81756234
81756243
81756324
81756342
81756423
81756432
81762345
81762354
81762435
81762453
81762534
81762543
81763245
81763254
81763425
81763452
81763524
81763542
81764235
81764253
81764325
81764352
81764523
81764532
81765234
81765243
81765324
81765342
81765423
81765432
82134567
82134576
82134657
82134675
82134756
82134765
82135467
82135476
82135647
82135674
82135746
82135764
82136457
82136475
82136547
82136574
82136745
82136754
82137456
82137465
82137546
82137564
82137645
82137654
82143567
82143576
82143657
82143675
82143756
82143765
82145367
82145376
82145637
82145673
82145736
82145763
82146357
82146375
82146537
82146573
82146735
82146753
82147356
82147365
82147536
82147563
82147635
82147653
82153467
82153476
82153647
82153674
82153746
82153764
82154367
82154376
82154637
82154673
82154736
82154763
82156347
82156374
82156437
82156473
82156734
82156743
82157346
82157364
82157436
82157463
82157634
82157643
82163457
82163475
82163547
82163574
82163745
82163754
82164357
82164375
82164537
82164573
82164735
82164753
82165347
82165374
82165437
82165473
82165734
82165743
82167345
82167354
82167435
82167453
82167534
82167543
82173456
82173465
82173546
82173564
82173645
82173654
82174356
82174365
82174536
82174563
82174635
82174653
82175346
82175364
82175436
82175463
82175634
82175643
82176345
82176354
82176435
82176453
82176534
82176543
82314567
82314576
82314657
82314675
82314756
82314765
82315467
82315476
82315647
82315674
82315746
82315764
82316457
82316475
82316547
82316574
82316745
82316754
82317456
82317465
82317546
82317564
82317645
82317654
82341567
82341576
82341657
82341675
82341756
82341765
82345167
82345176
82345617
82345671
82345716
82345761
82346157
82346175
82346517
82346571
82346715
82346751
82347156
82347165
82347516
82347561
82347615
82347651
82351467
82351476
82351647
82351674
82351746
82351764
82354167
82354176
82354617
82354671
82354716
82354761
82356147
82356174
82356417
82356471
82356714
82356741
82357146
82357164
82357416
82357461
82357614
82357641
82361457
82361475
82361547
82361574
82361745
82361754
82364157
82364175
82364517
82364571
82364715
82364751
82365147
82365174
82365417
82365471
82365714
82365741
82367145
82367154
82367415
82367451
82367514
82367541
82371456
82371465
82371546
82371564
82371645
82371654
82374156
82374165
82374516
82374561
82374615
82374651
82375146
82375164
82375416
82375461
82375614
82375641
82376145
82376154
82376415
82376451
82376514
82376541
82413567
82413576
82413657
82413675
82413756
82413765
82415367
82415376
82415637
82415673
82415736
82415763
82416357
82416375
82416537
82416573
82416735
82416753
82417356
82417365
82417536
82417563
82417635
82417653
82431567
82431576
82431657
82431675
82431756
82431765
82435167
82435176
82435617
82435671
82435716
82435761
82436157
82436175
82436517
82436571
82436715
82436751
82437156
82437165
82437516
82437561
82437615
82437651
82451367
82451376
82451637
82451673
82451736
82451763
82453167
82453176
82453617
82453671
82453716
82453761
82456137
82456173
82456317
82456371
82456713
82456731
82457136
82457163
82457316
82457361
82457613
82457631
82461357
82461375
82461537
82461573
82461735
82461753
82463157
82463175
82463517
82463571
82463715
82463751
82465137
82465173
82465317
82465371
82465713
82465731
82467135
82467153
82467315
82467351
82467513
82467531
82471356
82471365
82471536
82471563
82471635
82471653
82473156
82473165
82473516
82473561
82473615
82473651
82475136
82475163
82475316
82475361
82475613
82475631
82476135
82476153
82476315
82476351
82476513
82476531
82513467
82513476
82513647
82513674
82513746
82513764
82514367
82514376
82514637
82514673
82514736
82514763
82516347
82516374
82516437
82516473
82516734
82516743
82517346
82517364
82517436
82517463
82517634
82517643
82531467
82531476
82531647
82531674
82531746
82531764
82534167
82534176
82534617
82534671
82534716
82534761
82536147
82536174
82536417
82536471
82536714
82536741
82537146
82537164
82537416
82537461
82537614
82537641
82541367
82541376
82541637
82541673
82541736
82541763
82543167
82543176
82543617
82543671
82543716
82543761
82546137
82546173
82546317
82546371
82546713
82546731
82547136
82547163
82547316
82547361
82547613
82547631
82561347
82561374
82561437
82561473
82561734
82561743
82563147
82563174
82563417
82563471
82563714
82563741
82564137
82564173
82564317
82564371
82564713
82564731
82567134
82567143
82567314
82567341
82567413
82567431
82571346
82571364
82571436
82571463
82571634
82571643
82573146
82573164
82573416
82573461
82573614
82573641
82574136
82574163
82574316
82574361
82574613
82574631
82576134
82576143
82576314
82576341
82576413
82576431
82613457
82613475
82613547
82613574
82613745
82613754
82614357
82614375
82614537
82614573
82614735
82614753
82615347
82615374
82615437
82615473
82615734
82615743
82617345
82617354
82617435
82617453
82617534
82617543
82631457
82631475
82631547
82631574
82631745
82631754
82634157
82634175
82634517
82634571
82634715
82634751
82635147
82635174
82635417
82635471
82635714
82635741
82637145
82637154
82637415
82637451
82637514
82637541
82641357
82641375
82641537
82641573
82641735
82641753
82643157
82643175
82643517
82643571
82643715
82643751
82645137
82645173
82645317
82645371
82645713
82645731
82647135
82647153
82647315
82647351
82647513
82647531
82651347
82651374
82651437
82651473
82651734
82651743
82653147
82653174
82653417
82653471
82653714
82653741
82654137
82654173
82654317
82654371
82654713
82654731
82657134
82657143
82657314
82657341
82657413
82657431
82671345
82671354
82671435
82671453
82671534
82671543
82673145
82673154
82673415
82673451
82673514
82673541
82674135
82674153
82674315
82674351
82674513
82674531
82675134
82675143
82675314
82675341
82675413
82675431
82713456
82713465
82713546
82713564
82713645
82713654
82714356
82714365
82714536
82714563
82714635
82714653
82715346
82715364
82715436
82715463
82715634
82715643
82716345
82716354
82716435
82716453
82716534
82716543
82731456
82731465
82731546
82731564
82731645
82731654
82734156
82734165
82734516
82734561
82734615
82734651
82735146
82735164
82735416
82735461
82735614
82735641
82736145
82736154
82736415
82736451
82736514
82736541
82741356
82741365
82741536
82741563
82741635
82741653
82743156
82743165
82743516
82743561
82743615
82743651
82745136
82745163
82745316
82745361
82745613
82745631
82746135
82746153
82746315
82746351
82746513
82746531
82751346
82751364
82751436
82751463
82751634
82751643
82753146
82753164
82753416
82753461
82753614
82753641
82754136
82754163
82754316
82754361
82754613
82754631
82756134
82756143
82756314
82756341
82756413
82756431
82761345
82761354
82761435
82761453
82761534
82761543
82763145
82763154
82763415
82763451
82763514
82763541
82764135
82764153
82764315
82764351
82764513
82764531
82765134
82765143
82765314
82765341
82765413
82765431
83124567
83124576
83124657
83124675
83124756
83124765
83125467
83125476
83125647
83125674
83125746
83125764
83126457
83126475
83126547
83126574
83126745
83126754
83127456
83127465
83127546
83127564
83127645
83127654
83142567
83142576
83142657
83142675
83142756
83142765
83145267
83145276
83145627
83145672
83145726
83145762
83146257
83146275
83146527
83146572
83146725
83146752
83147256
83147265
83147526
83147562
83147625
83147652
83152467
83152476
83152647
83152674
83152746
83152764
83154267
83154276
83154627
83154672
83154726
83154762
83156247
83156274
83156427
83156472
83156724
83156742
83157246
83157264
83157426
83157462
83157624
83157642
83162457
83162475
83162547
83162574
83162745
83162754
83164257
83164275
83164527
83164572
83164725
83164752
83165247
83165274
83165427
83165472
83165724
83165742
83167245
83167254
83167425
83167452
83167524
83167542
83172456
83172465
83172546
83172564
83172645
83172654
83174256
83174265
83174526
83174562
83174625
83174652
83175246
83175264
83175426
83175462
83175624
83175642
83176245
83176254
83176425
83176452
83176524
83176542
83214567
83214576
83214657
83214675
83214756
83214765
83215467
83215476
83215647
83215674
83215746
83215764
83216457
83216475
83216547
83216574
83216745
83216754
83217456
83217465
83217546
83217564
83217645
83217654
83241567
83241576
83241657
83241675
83241756
83241765
83245167
83245176
83245617
83245671
83245716
83245761
83246157
83246175
83246517
83246571
83246715
83246751
83247156
83247165
83247516
83247561
83247615
83247651
83251467
83251476
83251647
83251674
83251746
83251764
83254167
83254176
83254617
83254671
83254716
83254761
83256147
83256174
83256417
83256471
83256714
83256741
83257146
83257164
83257416
83257461
83257614
83257641
83261457
83261475
83261547
83261574
83261745
83261754
83264157
83264175
83264517
83264571
83264715
83264751
83265147
83265174
83265417
83265471
83265714
83265741
83267145
83267154
83267415
83267451
83267514
83267541
83271456
83271465
83271546
83271564
83271645
83271654
83274156
83274165
83274516
83274561
83274615
83274651
83275146
83275164
83275416
83275461
83275614
83275641
83276145
83276154
83276415
83276451
83276514
83276541
83412567
83412576
83412657
83412675
83412756
83412765
83415267
83415276
83415627
83415672
83415726
83415762
83416257
83416275
83416527
83416572
83416725
83416752
83417256
83417265
83417526
83417562
83417625
83417652
83421567
83421576
83421657
83421675
83421756
83421765
83425167
83425176
83425617
83425671
83425716
83425761
83426157
83426175
83426517
83426571
83426715
83426751
83427156
83427165
83427516
83427561
83427615
83427651
83451267
83451276
83451627
83451672
83451726
83451762
83452167
83452176
83452617
83452671
83452716
83452761
83456127
83456172
83456217
83456271
83456712
83456721
83457126
83457162
83457216
83457261
83457612
83457621
83461257
83461275
83461527
83461572
83461725
83461752
83462157
83462175
83462517
83462571
83462715
83462751
83465127
83465172
83465217
83465271
83465712
83465721
83467125
83467152
83467215
83467251
83467512
83467521
83471256
83471265
83471526
83471562
83471625
83471652
83472156
83472165
83472516
83472561
83472615
83472651
83475126
83475162
83475216
83475261
83475612
83475621
83476125
83476152
83476215
83476251
83476512
83476521
83512467
83512476
83512647
83512674
83512746
83512764
83514267
83514276
83514627
83514672
83514726
83514762
83516247
83516274
83516427
83516472
83516724
83516742
83517246
83517264
83517426
83517462
83517624
83517642
83521467
83521476
83521647
83521674
83521746
83521764
83524167
83524176
83524617
83524671
83524716
83524761
83526147
83526174
83526417
83526471
83526714
83526741
83527146
83527164
83527416
83527461
83527614
83527641
83541267
83541276
83541627
83541672
83541726
83541762
83542167
83542176
83542617
83542671
83542716
83542761
83546127
83546172
83546217
83546271
83546712
83546721
83547126
83547162
83547216
83547261
83547612
83547621
83561247
83561274
83561427
83561472
83561724
83561742
83562147
83562174
83562417
83562471
83562714
83562741
83564127
83564172
83564217
83564271
83564712
83564721
83567124
83567142
83567214
83567241
83567412
83567421
83571246
83571264
83571426
83571462
83571624
83571642
83572146
83572164
83572416
83572461
83572614
83572641
83574126
83574162
83574216
83574261
83574612
83574621
83576124
83576142
83576214
83576241
83576412
83576421
83612457
83612475
83612547
83612574
83612745
83612754
83614257
83614275
83614527
83614572
83614725
83614752
83615247
83615274
83615427
83615472
83615724
83615742
83617245
83617254
83617425
83617452
83617524
83617542
83621457
83621475
83621547
83621574
83621745
83621754
83624157
83624175
83624517
83624571
83624715
83624751
83625147
83625174
83625417
83625471
83625714
83625741
83627145
83627154
83627415
83627451
83627514
83627541
83641257
83641275
83641527
83641572
83641725
83641752
83642157
83642175
83642517
83642571
83642715
83642751
83645127
83645172
83645217
83645271
83645712
83645721
83647125
83647152
83647215
83647251
83647512
83647521
83651247
83651274
83651427
83651472
83651724
83651742
83652147
83652174
83652417
83652471
83652714
83652741
83654127
83654172
83654217
83654271
83654712
83654721
83657124
83657142
83657214
83657241
83657412
83657421
83671245
83671254
83671425
83671452
83671524
83671542
83672145
83672154
83672415
83672451
83672514
83672541
83674125
83674152
83674215
83674251
83674512
83674521
83675124
83675142
83675214
83675241
83675412
83675421
83712456
83712465
83712546
83712564
83712645
83712654
83714256
83714265
83714526
83714562
83714625
83714652
83715246
83715264
83715426
83715462
83715624
83715642
83716245
83716254
83716425
83716452
83716524
83716542
83721456
83721465
83721546
83721564
83721645
83721654
83724156
83724165
83724516
83724561
83724615
83724651
83725146
83725164
83725416
83725461
83725614
83725641
83726145
83726154
83726415
83726451
83726514
83726541
83741256
83741265
83741526
83741562
83741625
83741652
83742156
83742165
83742516
83742561
83742615
83742651
83745126
83745162
83745216
83745261
83745612
83745621
83746125
83746152
83746215
83746251
83746512
83746521
83751246
83751264
83751426
83751462
83751624
83751642
83752146
83752164
83752416
83752461
83752614
83752641
83754126
83754162
83754216
83754261
83754612
83754621
83756124
83756142
83756214
83756241
83756412
83756421
83761245
83761254
83761425
83761452
83761524
83761542
83762145
83762154
83762415
83762451
83762514
83762541
83764125
83764152
83764215
83764251
83764512
83764521
83765124
83765142
83765214
83765241
83765412
83765421
84123567
84123576
84123657
84123675
84123756
84123765
84125367
84125376
84125637
84125673
84125736
84125763
84126357
84126375
84126537
84126573
84126735
84126753
84127356
84127365
84127536
84127563
84127635
84127653
84132567
84132576
84132657
84132675
84132756
84132765
84135267
84135276
84135627
84135672
84135726
84135762
84136257
84136275
84136527
84136572
84136725
84136752
84137256
84137265
84137526
84137562
84137625
84137652
84152367
84152376
84152637
84152673
84152736
84152763
84153267
84153276
84153627
84153672
84153726
84153762
84156237
84156273
84156327
84156372
84156723
84156732
84157236
84157263
84157326
84157362
84157623
84157632
84162357
84162375
84162537
84162573
84162735
84162753
84163257
84163275
84163527
84163572
84163725
84163752
84165237
84165273
84165327
84165372
84165723
84165732
84167235
84167253
84167325
84167352
84167523
84167532
84172356
84172365
84172536
84172563
84172635
84172653
84173256
84173265
84173526
84173562
84173625
84173652
84175236
84175263
84175326
84175362
84175623
84175632
84176235
84176253
84176325
84176352
84176523
84176532
84213567
84213576
84213657
84213675
84213756
84213765
84215367
84215376
84215637
84215673
84215736
84215763
84216357
84216375
84216537
84216573
84216735
84216753
84217356
84217365
84217536
84217563
84217635
84217653
84231567
84231576
84231657
84231675
84231756
84231765
84235167
84235176
84235617
84235671
84235716
84235761
84236157
84236175
84236517
84236571
84236715
84236751
84237156
84237165
84237516
84237561
84237615
84237651
84251367
84251376
84251637
84251673
84251736
84251763
84253167
84253176
84253617
84253671
84253716
84253761
84256137
84256173
84256317
84256371
84256713
84256731
84257136
84257163
84257316
84257361
84257613
84257631
84261357
84261375
84261537
84261573
84261735
84261753
84263157
84263175
84263517
84263571
84263715
84263751
84265137
84265173
84265317
84265371
84265713
84265731
84267135
84267153
84267315
84267351
84267513
84267531
84271356
84271365
84271536
84271563
84271635
84271653
84273156
84273165
84273516
84273561
84273615
84273651
84275136
84275163
84275316
84275361
84275613
84275631
84276135
84276153
84276315
84276351
84276513
84276531
84312567
84312576
84312657
84312675
84312756
84312765
84315267
84315276
84315627
84315672
84315726
84315762
84316257
84316275
84316527
84316572
84316725
84316752
84317256
84317265
84317526
84317562
84317625
84317652
84321567
84321576
84321657
84321675
84321756
84321765
84325167
84325176
84325617
84325671
84325716
84325761
84326157
84326175
84326517
84326571
84326715
84326751
84327156
84327165
84327516
84327561
84327615
84327651
84351267
84351276
84351627
84351672
84351726
84351762
84352167
84352176
84352617
84352671
84352716
84352761
84356127
84356172
84356217
84356271
84356712
84356721
84357126
84357162
84357216
84357261
84357612
84357621
84361257
84361275
84361527
84361572
84361725
84361752
84362157
84362175
84362517
84362571
84362715
84362751
84365127
84365172
84365217
84365271
84365712
84365721
84367125
84367152
84367215
84367251
84367512
84367521
84371256
84371265
84371526
84371562
84371625
84371652
84372156
84372165
84372516
84372561
84372615
84372651
84375126
84375162
84375216
84375261
84375612
84375621
84376125
84376152
84376215
84376251
84376512
84376521
84512367
84512376
84512637
84512673
84512736
84512763
84513267
84513276
84513627
84513672
84513726
84513762
84516237
84516273
84516327
84516372
84516723
84516732
84517236
84517263
84517326
84517362
84517623
84517632
84521367
84521376
84521637
84521673
84521736
84521763
84523167
84523176
84523617
84523671
84523716
84523761
84526137
84526173
84526317
84526371
84526713
84526731
84527136
84527163
84527316
84527361
84527613
84527631
84531267
84531276
84531627
84531672
84531726
84531762
84532167
84532176
84532617
84532671
84532716
84532761
84536127
84536172
84536217
84536271
84536712
84536721
84537126
84537162
84537216
84537261
84537612
84537621
84561237
84561273
84561327
84561372
84561723
84561732
84562137
84562173
84562317
84562371
84562713
84562731
84563127
84563172
84563217
84563271
84563712
84563721
84567123
84567132
84567213
84567231
84567312
84567321
84571236
84571263
84571326
84571362
84571623
84571632
84572136
84572163
84572316
84572361
84572613
84572631
84573126
84573162
84573216
84573261
84573612
84573621
84576123
84576132
84576213
84576231
84576312
84576321
84612357
84612375
84612537
84612573
84612735
84612753
84613257
84613275
84613527
84613572
84613725
84613752
84615237
84615273
84615327
84615372
84615723
84615732
84617235
84617253
84617325
84617352
84617523
84617532
84621357
84621375
84621537
84621573
84621735
84621753
84623157
84623175
84623517
84623571
84623715
84623751
84625137
84625173
84625317
84625371
84625713
84625731
84627135
84627153
84627315
84627351
84627513
84627531
84631257
84631275
84631527
84631572
84631725
84631752
84632157
84632175
84632517
84632571
84632715
84632751
84635127
84635172
84635217
84635271
84635712
84635721
84637125
84637152
84637215
84637251
84637512
84637521
84651237
84651273
84651327
84651372
84651723
84651732
84652137
84652173
84652317
84652371
84652713
84652731
84653127
84653172
84653217
84653271
84653712
84653721
84657123
84657132
84657213
84657231
84657312
84657321
84671235
84671253
84671325
84671352
84671523
84671532
84672135
84672153
84672315
84672351
84672513
84672531
84673125
84673152
84673215
84673251
84673512
84673521
84675123
84675132
84675213
84675231
84675312
84675321
84712356
84712365
84712536
84712563
84712635
84712653
84713256
84713265
84713526
84713562
84713625
84713652
84715236
84715263
84715326
84715362
84715623
84715632
84716235
84716253
84716325
84716352
84716523
84716532
84721356
84721365
84721536
84721563
84721635
84721653
84723156
84723165
84723516
84723561
84723615
84723651
84725136
84725163
84725316
84725361
84725613
84725631
84726135
84726153
84726315
84726351
84726513
84726531
84731256
84731265
84731526
84731562
84731625
84731652
84732156
84732165
84732516
84732561
84732615
84732651
84735126
84735162
84735216
84735261
84735612
84735621
84736125
84736152
84736215
84736251
84736512
84736521
84751236
84751263
84751326
84751362
84751623
84751632
84752136
84752163
84752316
84752361
84752613
84752631
84753126
84753162
84753216
84753261
84753612
84753621
84756123
84756132
84756213
84756231
84756312
84756321
84761235
84761253
84761325
84761352
84761523
84761532
84762135
84762153
84762315
84762351
84762513
84762531
84763125
84763152
84763215
84763251
84763512
84763521
84765123
84765132
84765213
84765231
84765312
84765321
85123467
85123476
85123647
85123674
85123746
85123764
85124367
85124376
85124637
85124673
85124736
85124763
85126347
85126374
85126437
85126473
85126734
85126743
85127346
85127364
85127436
85127463
85127634
85127643
85132467
85132476
85132647
85132674
85132746
85132764
85134267
85134276
85134627
85134672
85134726
85134762
85136247
85136274
85136427
85136472
85136724
85136742
85137246
85137264
85137426
85137462
85137624
85137642
85142367
85142376
85142637
85142673
85142736
85142763
85143267
85143276
85143627
85143672
85143726
85143762
85146237
85146273
85146327
85146372
85146723
85146732
85147236
85147263
85147326
85147362
85147623
85147632
85162347
85162374
85162437
85162473
85162734
85162743
85163247
85163274
85163427
85163472
85163724
85163742
85164237
85164273
85164327
85164372
85164723
85164732
85167234
85167243
85167324
85167342
85167423
85167432
85172346
85172364
85172436
85172463
85172634
85172643
85173246
85173264
85173426
85173462
85173624
85173642
85174236
85174263
85174326
85174362
85174623
85174632
85176234
85176243
85176324
85176342
85176423
85176432
85213467
85213476
85213647
85213674
85213746
85213764
85214367
85214376
85214637
85214673
85214736
85214763
85216347
85216374
85216437
85216473
85216734
85216743
85217346
85217364
85217436
85217463
85217634
85217643
85231467
85231476
85231647
85231674
85231746
85231764
85234167
85234176
85234617
85234671
85234716
85234761
85236147
85236174
85236417
85236471
85236714
85236741
85237146
85237164
85237416
85237461
85237614
85237641
85241367
85241376
85241637
85241673
85241736
85241763
85243167
85243176
85243617
85243671
85243716
85243761
85246137
85246173
85246317
85246371
85246713
85246731
85247136
85247163
85247316
85247361
85247613
85247631
85261347
85261374
85261437
85261473
85261734
85261743
85263147
85263174
85263417
85263471
85263714
85263741
85264137
85264173
85264317
85264371
85264713
85264731
85267134
85267143
85267314
85267341
85267413
85267431
85271346
85271364
85271436
85271463
85271634
85271643
85273146
85273164
85273416
85273461
85273614
85273641
85274136
85274163
85274316
85274361
85274613
85274631
85276134
85276143
85276314
85276341
85276413
85276431
85312467
85312476
85312647
85312674
85312746
85312764
85314267
85314276
85314627
85314672
85314726
85314762
85316247
85316274
85316427
85316472
85316724
85316742
85317246
85317264
85317426
85317462
85317624
85317642
85321467
85321476
85321647
85321674
85321746
85321764
85324167
85324176
85324617
85324671
85324716
85324761
85326147
85326174
85326417
85326471
85326714
85326741
85327146
85327164
85327416
85327461
85327614
85327641
85341267
85341276
85341627
85341672
85341726
85341762
85342167
85342176
85342617
85342671
85342716
85342761
85346127
85346172
85346217
85346271
85346712
85346721
85347126
85347162
85347216
85347261
85347612
85347621
85361247
85361274
85361427
85361472
85361724
85361742
85362147
85362174
85362417
85362471
85362714
85362741
85364127
85364172
85364217
85364271
85364712
85364721
85367124
85367142
85367214
85367241
85367412
85367421
85371246
85371264
85371426
85371462
85371624
85371642
85372146
85372164
85372416
85372461
85372614
85372641
85374126
85374162
85374216
85374261
85374612
85374621
85376124
85376142
85376214
85376241
85376412
85376421
85412367
85412376
85412637
85412673
85412736
85412763
85413267
85413276
85413627
85413672
85413726
85413762
85416237
85416273
85416327
85416372
85416723
85416732
85417236
85417263
85417326
85417362
85417623
85417632
85421367
85421376
85421637
85421673
85421736
85421763
85423167
85423176
85423617
85423671
85423716
85423761
85426137
85426173
85426317
85426371
85426713
85426731
85427136
85427163
85427316
85427361
85427613
85427631
85431267
85431276
85431627
85431672
85431726
85431762
85432167
85432176
85432617
85432671
85432716
85432761
85436127
85436172
85436217
85436271
85436712
85436721
85437126
85437162
85437216
85437261
85437612
85437621
85461237
85461273
85461327
85461372
85461723
85461732
85462137
85462173
85462317
85462371
85462713
85462731
85463127
85463172
85463217
85463271
85463712
85463721
85467123
85467132
85467213
85467231
85467312
85467321
85471236
85471263
85471326
85471362
85471623
85471632
85472136
85472163
85472316
85472361
85472613
85472631
85473126
85473162
85473216
85473261
85473612
85473621
85476123
85476132
85476213
85476231
85476312
85476321
85612347
85612374
85612437
85612473
85612734
85612743
85613247
85613274
85613427
85613472
85613724
85613742
85614237
85614273
85614327
85614372
85614723
85614732
85617234
85617243
85617324
85617342
85617423
85617432
85621347
85621374
85621437
85621473
85621734
85621743
85623147
85623174
85623417
85623471
85623714
85623741
85624137
85624173
85624317
85624371
85624713
85624731
85627134
85627143
85627314
85627341
85627413
85627431
85631247
85631274
85631427
85631472
85631724
85631742
85632147
85632174
85632417
85632471
85632714
85632741
85634127
85634172
85634217
85634271
85634712
85634721
85637124
85637142
85637214
85637241
85637412
85637421
85641237
85641273
85641327
85641372
85641723
85641732
85642137
85642173
85642317
85642371
85642713
85642731
85643127
85643172
85643217
85643271
85643712
85643721
85647123
85647132
85647213
85647231
85647312
85647321
85671234
85671243
85671324
85671342
85671423
85671432
85672134
85672143
85672314
85672341
85672413
85672431
85673124
85673142
85673214
85673241
85673412
85673421
85674123
85674132
85674213
85674231
85674312
85674321
85712346
85712364
85712436
85712463
85712634
85712643
85713246
85713264
85713426
85713462
85713624
85713642
85714236
85714263
85714326
85714362
85714623
85714632
85716234
85716243
85716324
85716342
85716423
85716432
85721346
85721364
85721436
85721463
85721634
85721643
85723146
85723164
85723416
85723461
85723614
85723641
85724136
85724163
85724316
85724361
85724613
85724631
85726134
85726143
85726314
85726341
85726413
85726431
85731246
85731264
85731426
85731462
85731624
85731642
85732146
85732164
85732416
85732461
85732614
85732641
85734126
85734162
85734216
85734261
85734612
85734621
85736124
85736142
85736214
85736241
85736412
85736421
85741236
85741263
85741326
85741362
85741623
85741632
85742136
85742163
85742316
85742361
85742613
85742631
85743126
85743162
85743216
85743261
85743612
85743621
85746123
85746132
85746213
85746231
85746312
85746321
85761234
85761243
85761324
85761342
85761423
85761432
85762134
85762143
85762314
85762341
85762413
85762431
85763124
85763142
85763214
85763241
85763412
85763421
85764123
85764132
85764213
85764231
85764312
85764321
86123457
86123475
86123547
86123574
86123745
86123754
86124357
86124375
86124537
86124573
86124735
86124753
86125347
86125374
86125437
86125473
86125734
86125743
86127345
86127354
86127435
86127453
86127534
86127543
86132457
86132475
86132547
86132574
86132745
86132754
86134257
86134275
86134527
86134572
86134725
86134752
86135247
86135274
86135427
86135472
86135724
86135742
86137245
86137254
86137425
86137452
86137524
86137542
86142357
86142375
86142537
86142573
86142735
86142753
86143257
86143275
86143527
86143572
86143725
86143752
86145237
86145273
86145327
86145372
86145723
86145732
86147235
86147253
86147325
86147352
86147523
86147532
86152347
86152374
86152437
86152473
86152734
86152743
86153247
86153274
86153427
86153472
86153724
86153742
86154237
86154273
86154327
86154372
86154723
86154732
86157234
86157243
86157324
86157342
86157423
86157432
86172345
86172354
86172435
86172453
86172534
86172543
86173245
86173254
86173425
86173452
86173524
86173542
86174235
86174253
86174325
86174352
86174523
86174532
86175234
86175243
86175324
86175342
86175423
86175432
86213457
86213475
86213547
86213574
86213745
86213754
86214357
86214375
86214537
86214573
86214735
86214753
86215347
86215374
86215437
86215473
86215734
86215743
86217345
86217354
86217435
86217453
86217534
86217543
86231457
86231475
86231547
86231574
86231745
86231754
86234157
86234175
86234517
86234571
86234715
86234751
86235147
86235174
86235417
86235471
86235714
86235741
86237145
86237154
86237415
86237451
86237514
86237541
86241357
86241375
86241537
86241573
86241735
86241753
86243157
86243175
86243517
86243571
86243715
86243751
86245137
86245173
86245317
86245371
86245713
86245731
86247135
86247153
86247315
86247351
86247513
86247531
86251347
86251374
86251437
86251473
86251734
86251743
86253147
86253174
86253417
86253471
86253714
86253741
86254137
86254173
86254317
86254371
86254713
86254731
86257134
86257143
86257314
86257341
86257413
86257431
86271345
86271354
86271435
86271453
86271534
86271543
86273145
86273154
86273415
86273451
86273514
86273541
86274135
86274153
86274315
86274351
86274513
86274531
86275134
86275143
86275314
86275341
86275413
86275431
86312457
86312475
86312547
86312574
86312745
86312754
86314257
86314275
86314527
86314572
86314725
86314752
86315247
86315274
86315427
86315472
86315724
86315742
86317245
86317254
86317425
86317452
86317524
86317542
86321457
86321475
86321547
86321574
86321745
86321754
86324157
86324175
86324517
86324571
86324715
86324751
86325147
86325174
86325417
86325471
86325714
86325741
86327145
86327154
86327415
86327451
86327514
86327541
86341257
86341275
86341527
86341572
86341725
86341752
86342157
86342175
86342517
86342571
86342715
86342751
86345127
86345172
86345217
86345271
86345712
86345721
86347125
86347152
86347215
86347251
86347512
86347521
86351247
86351274
86351427
86351472
86351724
86351742
86352147
86352174
86352417
86352471
86352714
86352741
86354127
86354172
86354217
86354271
86354712
86354721
86357124
86357142
86357214
86357241
86357412
86357421
86371245
86371254
86371425
86371452
86371524
86371542
86372145
86372154
86372415
86372451
86372514
86372541
86374125
86374152
86374215
86374251
86374512
86374521
86375124
86375142
86375214
86375241
86375412
86375421
86412357
86412375
86412537
86412573
86412735
86412753
86413257
86413275
86413527
86413572
86413725
86413752
86415237
86415273
86415327
86415372
86415723
86415732
86417235
86417253
86417325
86417352
86417523
86417532
86421357
86421375
86421537
86421573
86421735
86421753
86423157
86423175
86423517
86423571
86423715
86423751
86425137
86425173
86425317
86425371
86425713
86425731
86427135
86427153
86427315
86427351
86427513
86427531
86431257
86431275
86431527
86431572
86431725
86431752
86432157
86432175
86432517
86432571
86432715
86432751
86435127
86435172
86435217
86435271
86435712
86435721
86437125
86437152
86437215
86437251
86437512
86437521
86451237
86451273
86451327
86451372
86451723
86451732
86452137
86452173
86452317
86452371
86452713
86452731
86453127
86453172
86453217
86453271
86453712
86453721
86457123
86457132
86457213
86457231
86457312
86457321
86471235
86471253
86471325
86471352
86471523
86471532
86472135
86472153
86472315
86472351
86472513
86472531
86473125
86473152
86473215
86473251
86473512
86473521
86475123
86475132
86475213
86475231
86475312
86475321
86512347
86512374
86512437
86512473
86512734
86512743
86513247
86513274
86513427
86513472
86513724
86513742
86514237
86514273
86514327
86514372
86514723
86514732
86517234
86517243
86517324
86517342
86517423
86517432
86521347
86521374
86521437
86521473
86521734
86521743
86523147
86523174
86523417
86523471
86523714
86523741
86524137
86524173
86524317
86524371
86524713
86524731
86527134
86527143
86527314
86527341
86527413
86527431
86531247
86531274
86531427
86531472
86531724
86531742
86532147
86532174
86532417
86532471
86532714
86532741
86534127
86534172
86534217
86534271
86534712
86534721
86537124
86537142
86537214
86537241
86537412
86537421
86541237
86541273
86541327
86541372
86541723
86541732
86542137
86542173
86542317
86542371
86542713
86542731
86543127
86543172
86543217
86543271
86543712
86543721
86547123
86547132
86547213
86547231
86547312
86547321
86571234
86571243
86571324
86571342
86571423
86571432
86572134
86572143
86572314
86572341
86572413
86572431
86573124
86573142
86573214
86573241
86573412
86573421
86574123
86574132
86574213
86574231
86574312
86574321
86712345
86712354
86712435
86712453
86712534
86712543
86713245
86713254
86713425
86713452
86713524
86713542
86714235
86714253
86714325
86714352
86714523
86714532
86715234
86715243
86715324
86715342
86715423
86715432
86721345
86721354
86721435
86721453
86721534
86721543
86723145
86723154
86723415
86723451
86723514
86723541
86724135
86724153
86724315
86724351
86724513
86724531
86725134
86725143
86725314
86725341
86725413
86725431
86731245
86731254
86731425
86731452
86731524
86731542
86732145
86732154
86732415
86732451
86732514
86732541
86734125
86734152
86734215
86734251
86734512
86734521
86735124
86735142
86735214
86735241
86735412
86735421
86741235
86741253
86741325
86741352
86741523
86741532
86742135
86742153
86742315
86742351
86742513
86742531
86743125
86743152
86743215
86743251
86743512
86743521
86745123
86745132
86745213
86745231
86745312
86745321
86751234
86751243
86751324
86751342
86751423
86751432
86752134
86752143
86752314
86752341
86752413
86752431
86753124
86753142
86753214
86753241
86753412
86753421
86754123
86754132
86754213
86754231
86754312
86754321
87123456
87123465
87123546
87123564
87123645
87123654
87124356
87124365
87124536
87124563
87124635
87124653
87125346
87125364
87125436
87125463
87125634
87125643
87126345
87126354
87126435
87126453
87126534
87126543
87132456
87132465
87132546
87132564
87132645
87132654
87134256
87134265
87134526
87134562
87134625
87134652
87135246
87135264
87135426
87135462
87135624
87135642
87136245
87136254
87136425
87136452
87136524
87136542
87142356
87142365
87142536
87142563
87142635
87142653
87143256
87143265
87143526
87143562
87143625
87143652
87145236
87145263
87145326
87145362
87145623
87145632
87146235
87146253
87146325
87146352
87146523
87146532
87152346
87152364
87152436
87152463
87152634
87152643
87153246
87153264
87153426
87153462
87153624
87153642
87154236
87154263
87154326
87154362
87154623
87154632
87156234
87156243
87156324
87156342
87156423
87156432
87162345
87162354
87162435
87162453
87162534
87162543
87163245
87163254
87163425
87163452
87163524
87163542
87164235
87164253
87164325
87164352
87164523
87164532
87165234
87165243
87165324
87165342
87165423
87165432
87213456
87213465
87213546
87213564
87213645
87213654
87214356
87214365
87214536
87214563
87214635
87214653
87215346
87215364
87215436
87215463
87215634
87215643
87216345
87216354
87216435
87216453
87216534
87216543
87231456
87231465
87231546
87231564
87231645
87231654
87234156
87234165
87234516
87234561
87234615
87234651
87235146
87235164
87235416
87235461
87235614
87235641
87236145
87236154
87236415
87236451
87236514
87236541
87241356
87241365
87241536
87241563
87241635
87241653
87243156
87243165
87243516
87243561
87243615
87243651
87245136
87245163
87245316
87245361
87245613
87245631
87246135
87246153
87246315
87246351
87246513
87246531
87251346
87251364
87251436
87251463
87251634
87251643
87253146
87253164
87253416
87253461
87253614
87253641
87254136
87254163
87254316
87254361
87254613
87254631
87256134
87256143
87256314
87256341
87256413
87256431
87261345
87261354
87261435
87261453
87261534
87261543
87263145
87263154
87263415
87263451
87263514
87263541
87264135
87264153
87264315
87264351
87264513
87264531
87265134
87265143
87265314
87265341
87265413
87265431
87312456
87312465
87312546
87312564
87312645
87312654
87314256
87314265
87314526
87314562
87314625
87314652
87315246
87315264
87315426
87315462
87315624
87315642
87316245
87316254
87316425
87316452
87316524
87316542
87321456
87321465
87321546
87321564
87321645
87321654
87324156
87324165
87324516
87324561
87324615
87324651
87325146
87325164
87325416
87325461
87325614
87325641
87326145
87326154
87326415
87326451
87326514
87326541
87341256
87341265
87341526
87341562
87341625
87341652
87342156
87342165
87342516
87342561
87342615
87342651
87345126
87345162
87345216
87345261
87345612
87345621
87346125
87346152
87346215
87346251
87346512
87346521
87351246
87351264
87351426
87351462
87351624
87351642
87352146
87352164
87352416
87352461
87352614
87352641
87354126
87354162
87354216
87354261
87354612
87354621
87356124
87356142
87356214
87356241
87356412
87356421
87361245
87361254
87361425
87361452
87361524
87361542
87362145
87362154
87362415
87362451
87362514
87362541
87364125
87364152
87364215
87364251
87364512
87364521
87365124
87365142
87365214
87365241
87365412
87365421
87412356
87412365
87412536
87412563
87412635
87412653
87413256
87413265
87413526
87413562
87413625
87413652
87415236
87415263
87415326
87415362
87415623
87415632
87416235
87416253
87416325
87416352
87416523
87416532
87421356
87421365
87421536
87421563
87421635
87421653
87423156
87423165
87423516
87423561
87423615
87423651
87425136
87425163
87425316
87425361
87425613
87425631
87426135
87426153
87426315
87426351
87426513
87426531
87431256
87431265
87431526
87431562
87431625
87431652
87432156
87432165
87432516
87432561
87432615
87432651
87435126
87435162
87435216
87435261
87435612
87435621
87436125
87436152
87436215
87436251
87436512
87436521
87451236
87451263
87451326
87451362
87451623
87451632
87452136
87452163
87452316
87452361
87452613
87452631
87453126
87453162
87453216
87453261
87453612
87453621
87456123
87456132
87456213
87456231
87456312
87456321
87461235
87461253
87461325
87461352
87461523
87461532
87462135
87462153
87462315
87462351
87462513
87462531
87463125
87463152
87463215
87463251
87463512
87463521
87465123
87465132
87465213
87465231
87465312
87465321
87512346
87512364
87512436
87512463
87512634
87512643
87513246
87513264
87513426
87513462
87513624
87513642
87514236
87514263
87514326
87514362
87514623
87514632
87516234
87516243
87516324
87516342
87516423
87516432
87521346
87521364
87521436
87521463
87521634
87521643
87523146
87523164
87523416
87523461
87523614
87523641
87524136
87524163
87524316
87524361
87524613
87524631
87526134
87526143
87526314
87526341
87526413
87526431
87531246
87531264
87531426
87531462
87531624
87531642
87532146
87532164
87532416
87532461
87532614
87532641
87534126
87534162
87534216
87534261
87534612
87534621
87536124
87536142
87536214
87536241
87536412
87536421
87541236
87541263
87541326
87541362
87541623
87541632
87542136
87542163
87542316
87542361
87542613
87542631
87543126
87543162
87543216
87543261
87543612
87543621
87546123
87546132
87546213
87546231
87546312
87546321
87561234
87561243
87561324
87561342
87561423
87561432
87562134
87562143
87562314
87562341
87562413
87562431
87563124
87563142
87563214
87563241
87563412
87563421
87564123
87564132
87564213
87564231
87564312
87564321
87612345
87612354
87612435
87612453
87612534
87612543
87613245
87613254
87613425
87613452
87613524
87613542
87614235
87614253
87614325
87614352
87614523
87614532
87615234
87615243
87615324
87615342
87615423
87615432
87621345
87621354
87621435
87621453
87621534
87621543
87623145
87623154
87623415
87623451
87623514
87623541
87624135
87624153
87624315
87624351
87624513
87624531
87625134
87625143
87625314
87625341
87625413
87625431
87631245
87631254
87631425
87631452
87631524
87631542
87632145
87632154
87632415
87632451
87632514
87632541
87634125
87634152
87634215
87634251
87634512
87634521
87635124
87635142
87635214
87635241
87635412
87635421
87641235
87641253
87641325
87641352
87641523
87641532
87642135
87642153
87642315
87642351
87642513
87642531
87643125
87643152
87643215
87643251
87643512
87643521
87645123
87645132
87645213
87645231
87645312
87645321
87651234
87651243
87651324
87651342
87651423
87651432
87652134
87652143
87652314
87652341
87652413
87652431
87653124
87653142
87653214
87653241
87653412
87653421
87654123
87654132
87654213
87654231
87654312
87654321
