7123456
7123465
7123546
7123564
7123645
7123654
7124356
7124365
7124536
7124563
7124635
7124653
7125346
7125364
7125436
7125463
7125634
7125643
7126345
7126354
7126435
7126453
7126534
7126543
7132456
7132465
7132546
7132564
7132645
7132654
7134256
7134265
7134526
7134562
7134625
7134652
7135246
7135264
7135426
7135462
7135624
7135642
7136245
7136254
7136425
7136452
7136524
7136542
7142356
7142365
7142536
7142563
7142635
7142653
7143256
7143265
7143526
7143562
7143625
7143652
7145236
7145263
7145326
7145362
7145623
7145632
7146235
7146253
7146325
7146352
7146523
7146532
7152346
7152364
7152436
7152463
7152634
7152643
7153246
7153264
7153426
7153462
7153624
7153642
7154236
7154263
7154326
7154362
7154623
7154632
7156234
7156243
7156324
7156342
7156423
7156432
7162345
7162354
7162435
7162453
7162534
7162543
7163245
7163254
7163425
7163452
7163524
7163542
7164235
7164253
7164325
7164352
7164523
7164532
7165234
7165243
7165324
7165342
7165423
7165432
7213456
7213465
7213546
7213564
7213645
7213654
7214356
7214365
7214536
7214563
7214635
7214653
7215346
7215364
7215436
7215463
7215634
7215643
7216345
7216354
7216435
7216453
7216534
7216543
7231456
7231465
7231546
7231564
7231645
7231654
7234156
7234165
7234516
7234561
7234615
7234651
7235146
7235164
7235416
7235461
7235614
7235641
7236145
7236154
7236415
7236451
7236514
7236541
7241356
7241365
7241536
7241563
7241635
7241653
7243156
7243165
7243516
7243561
7243615
7243651
7245136
7245163
7245316
7245361
7245613
7245631
7246135
7246153
7246315
7246351
7246513
7246531
7251346
7251364
7251436
7251463
7251634
7251643
7253146
7253164
7253416
7253461
7253614
7253641
7254136
7254163
7254316
7254361
7254613
7254631
7256134
7256143
7256314
7256341
7256413
7256431
7261345
7261354
7261435
7261453
7261534
7261543
7263145
7263154
7263415
7263451
7263514
7263541
7264135
7264153
7264315
7264351
7264513
7264531
7265134
7265143
7265314
7265341
7265413
7265431
7312456
7312465
7312546
7312564
7312645
7312654
7314256
7314265
7314526
7314562
7314625
7314652
7315246
7315264
7315426
7315462
7315624
7315642
7316245
7316254
7316425
7316452
7316524
7316542
7321456
7321465
7321546
7321564
7321645
7321654
7324156
7324165
7324516
7324561
7324615
7324651
7325146
7325164
7325416
7325461
7325614
7325641
7326145
7326154
7326415
7326451
7326514
7326541
7341256
7341265
7341526
7341562
7341625
7341652
7342156
7342165
7342516
7342561
7342615
7342651
7345126
7345162
7345216
7345261
7345612
7345621
7346125
7346152
7346215
7346251
7346512
7346521
7351246
7351264
7351426
7351462
7351624
7351642
7352146
7352164
7352416
7352461
7352614
7352641
7354126
7354162
7354216
7354261
7354612
7354621
7356124
7356142
7356214
7356241
7356412
7356421
7361245
7361254
7361425
7361452
7361524
7361542
7362145
7362154
7362415
7362451
7362514
7362541
7364125
7364152
7364215
7364251
7364512
7364521
7365124
7365142
7365214
7365241
7365412
7365421
7412356
7412365
7412536
7412563
7412635
7412653
7413256
7413265
7413526
7413562
7413625
7413652
7415236
7415263
7415326
7415362
7415623
7415632
7416235
7416253
7416325
7416352
7416523
7416532
7421356
7421365
7421536
7421563
7421635
7421653
7423156
7423165
7423516
7423561
7423615
7423651
7425136
7425163
7425316
7425361
7425613
7425631
7426135
7426153
7426315
7426351
7426513
7426531
7431256
7431265
7431526
7431562
7431625
7431652
7432156
7432165
7432516
7432561
7432615
7432651
7435126
7435162
7435216
7435261
7435612
7435621
7436125
7436152
7436215
7436251
7436512
7436521
7451236
7451263
7451326
7451362
7451623
7451632
7452136
7452163
7452316
7452361
7452613
7452631
7453126
7453162
7453216
7453261
7453612
7453621
7456123
7456132
7456213
7456231
7456312
7456321
7461235
7461253
7461325
7461352
7461523
7461532
7462135
7462153
7462315
7462351
7462513
7462531
7463125
7463152
7463215
7463251
7463512
7463521
7465123
7465132
7465213
7465231
7465312
7465321
7512346
7512364
7512436
7512463
7512634
7512643
7513246
7513264
7513426
7513462
7513624
7513642
7514236
7514263
7514326
7514362
7514623
7514632
7516234
7516243
7516324
7516342
7516423
7516432
7521346
7521364
7521436
7521463
7521634
7521643
7523146
7523164
7523416
7523461
7523614
7523641
7524136
7524163
7524316
7524361
7524613
7524631
7526134
7526143
7526314
7526341
7526413
7526431
7531246
7531264
7531426
7531462
7531624
7531642
7532146
7532164
7532416
7532461
7532614
7532641
7534126
7534162
7534216
7534261
7534612
7534621
7536124
7536142
7536214
7536241
7536412
7536421
7541236
7541263
7541326
7541362
7541623
7541632
7542136
7542163
7542316
7542361
7542613
7542631
7543126
7543162
7543216
7543261
7543612
7543621
7546123
7546132
7546213
7546231
7546312
7546321
7561234
7561243
7561324
7561342
7561423
7561432
7562134
7562143
7562314
7562341
7562413
7562431
7563124
7563142
7563214
7563241
7563412
7563421
7564123
7564132
7564213
7564231
7564312
7564321
7612345
7612354
7612435
7612453
7612534
7612543
7613245
7613254
7613425
7613452
7613524
7613542
7614235
7614253
7614325
7614352
7614523
7614532
7615234
7615243
7615324
7615342
7615423
7615432
7621345
7621354
7621435
7621453
7621534
7621543
7623145
7623154
7623415
7623451
7623514
7623541
7624135
7624153
7624315
7624351
7624513
7624531
7625134
7625143
7625314
7625341
7625413
7625431
7631245
7631254
7631425
7631452
7631524
7631542
7632145
7632154
7632415
7632451
7632514
7632541
7634125
7634152
7634215
7634251
7634512
7634521
7635124
7635142
7635214
7635241
7635412
7635421
7641235
7641253
7641325
7641352
7641523
7641532
7642135
7642153
7642315
7642351
7642513
7642531
7643125
7643152
7643215
7643251
7643512
7643521
7645123
7645132
7645213
7645231
7645312
7645321
7651234
7651243
7651324
7651342
7651423
7651432
7652134
7652143
7652314
7652341
7652413
7652431
7653124
7653142
7653214
7653241
7653412
7653421
7654123
7654132
7654213
7654231
7654312
7654321
